309
1473
2245
2725
4677
7093
9237
9857
11055
11744
12667
12847
13011
15097
19601
19965
21521
21840
21903
23226
23279
25249
25843
26430
26948
26953
27102
27846
28773
28840
29652
30240
30262
30801
31676
32422
32872
33182
33659
33836
34118
37588
37620
38378
39026
41140
41300
42971
43238
45354
46674
46881
48230
48881
49202
50409
51016
51499
52643
52835
56467
58229
58614
59270
59381
59492
60117
60778
61172
61726
61875
62345
62352
62824
63827
65072
66571
66733
67761
67965
70098
71854
72364
76023
77864
80215
80230
80791
81812
82741
86746
89112
91713
93508
95042
96032
96183
96198
96449
96824
99699
100348
101347
101903
103812
104427
104722
104928
106748
108101
108927
109779
110633
110972
111115
115213
118580
120051
121387
122504
124826
125011
126267
126889
130727
132777
133129
133279
135069
135627
137100
137216
137645
139640
140753
144009
146036
146570
147009
147750
147956
149309
149815
150218
150298
150321
151098
151418
151858
152228
152531
152837
153260
153919
154083
154318
155260
155812
156346
156504
157824
158744
158750
158823
160341
161669
163442
166296
166363
169074
169144
170096
170239
171446
172563
173435
174151
174567
175329
182948
182983
183350
183918
184206
187502
187796
188408
193996
194156
194294
194453
195705
197237
199275
199524
200821
204156
204565
204707
205038
205687
207456
208780
210690
212858
213411
213689
214070
214594
217884
218080
218517
219300
219828
219988
220942
221237
221434
221570
223134
223266
224661
224884
226200
229879
230215
231439
231939
233128
233483
234438
234957
237885
238087
238808
239052
239271
240669
240873
240993
243305
244282
246704
248875
252413
254542
255528
255628
259140
259895
260040
260994
263642
264329
268120
269330
269634
269935
270147
270253
270499
272142
272370
272388
272416
272917
273913
274920
277394
279550
280776
281889
282149
283123
284004
284231
286980
287797
290077
290670
290716
290782
290916
291160
292395
294246
294878
295268
295729
296473
299063
299472
301337
302518
303744
304605
305243
305618
307757
309239
309621
310068
311369
312153
312693
312719
313469
315377
315811
316348
318771
319032
320241
320328
320709
322323
322928
323500
325686
325859
326377
327694
328210
328376
328910
329215
329613
332412
333822
336187
336300
336303
336317
337058
339817
340426
341172
342572
342708
343254
343687
347486
347636
349940
350473
350712
351122
351205
352451
353593
354301
355099
355616
358287
363075
363142
363403
364095
364425
364673
364999
365065
365230
366543
366634
366748
367632
372019
372767
372867
372946
373974
374195
374726
377166
377321
378706
383395
383976
384412
384453
385407
386157
386577
386642
389684
389789
389885
391103
391963
393113
395897
396479
397942
398516
399566
400721
400977
401610
403785
403840
408583
411278
412175
412938
414898
416813
416898
417021
417249
417419
418865
419019
420726
421823
422245
422381
422651
425777
426106
429196
430655
430878
431383
432261
432784
438037
439209
441336
441643
442110
442436
443993
444271
444470
444732
444973
445616
446804
446846
449585
449597
450953
453446
454495
456327
458959
461025
461297
461326
461535
461968
466151
468714
470202
470494
470652
472409
473449
473875
476077
476458
478067
478488
480066
482038
485927
486935
487155
487743
487816
488424
489082
489513
490886
492229
494309
494575
496635
498141
499386
500700
501119
502342
503306
503853
506646
506975
507982
510036
511180
512153
512772
512802
513345
514032
515384
516178
516402
516661
518139
518341
518441
519842
520006
521345
521782
523542
525945
527666
528634
528677
529392
529918
530745
533599
533675
535066
536396
536651
537820
538110
538624
539701
540071
540591
542171
544066
544579
545375
546681
546968
549494
549665
550423
552327
552553
553621
553887
554893
556978
557830
558671
559079
561116
561822
562745
563461
564293
565171
565752
566053
566751
567101
567297
567541
569508
570507
572057
572258
573118
574334
575064
575293
576057
577065
578835
578942
579305
579577
580926
581237
582262
582490
582791
583179
583304
583505
584146
584689
584739
585401
585760
588102
590456
591178
591625
592228
595372
595735
595742
596434
596843
598362
598443
598947
601742
602509
603257
605615
606796
607496
608181
608851
609083
609202
609701
611035
611999
618901
621285
621616
622415
622915
623859
624037
624480
624921
625632
627004
629348
631438
631584
632507
634300
634664
635111
635905
635980
636085
638004
638346
640574
643628
643991
644221
647423
648203
649840
650174
650944
651278
652422
652794
653516
655866
657244
657278
657741
660384
660558
661446
662344
663207
663354
664269
665692
666207
668662
669110
669365
670737
672548
673884
677834
678468
679553
679684
680302
680369
681557
682594
683128
683240
685012
686969
687645
687907
688061
689666
689935
690508
690625
691595
692952
693461
695716
696496
696684
699625
700035
700246
701429
706209
707257
707656
708035
712671
716468
717718
718868
719642
720347
721015
721591
722254
724385
725231
725551
725614
726020
726354
727202
729518
729641
730082
731610
733150
733230
733698
734839
735796
736475
736500
738006
739361
739898
741168
741970
742129
742864
744370
745302
745776
746786
750715
751002
752258
752740
753026
753863
754287
754510
755252
757597
759696
761697
761977
762109
764112
764230
764317
764410
764926
765076
765332
767753
768678
770533
771011
771581
772543
772582
773674
774074
775992
776663
776853
777169
777414
779720
779895
782377
783282
784810
785094
785959
786053
786446
787353
788975
790194
790231
790676
790865
791318
791523
792945
793873
794361
794576
794603
794928
796251
796678
798460
799020
800040
800172
800483
801507
804260
806256
807580
808842
808854
809043
810072
810119
810155
810283
810683
811549
811661
812970
814413
817154
817354
817817
818878
819122
819596
819793
820109
820721
829143
829996
830461
832885
833341
834147
836454
836851
837083
837490
838920
839035
839111
841357
841529
841732
844862
845006
845312
846373
847097
849505
849521
849629
852458
853003
853760
854596
855421
855708
858596
860826
860963
861634
862298
865246
866330
868572
870617
873688
873884
874306
875829
878068
878761
879510
879682
880216
880512
880556
881166
881587
881896
886249
888198
889322
889870
890067
890880
891712
893177
894141
894898
896206
898106
898981
900821
901099
901102
902966
903335
903360
903948
904338
906011
907617
907734
907998
909316
909771
909880
910750
911494
912940
913016
913252
914610
916556
917859
918342
919817
920095
920795
921420
922038
922185
922552
922596
923110
923349
926617
926716
926890
932914
933091
933092
933521
933659
934945
937247
938785
939631
941279
941601
942405
942606
943788
945304
945997
946340
947450
948964
949625
950440
951219
952428
953709
953736
954146
954846
955102
955130
955653
956584
956616
957091
958182
959996
960243
962145
963309
963728
965818
968959
972702
972716
973668
974923
977758
978238
978585
978684
978799
980050
980835
981633
982666
983676
984609
985963
986279
986336
986558
989699
990098
990478
992433
992719
993492
994706
995882
996720
996902
998762
998782
